165
99
138
123
117
136
117
124
113
116
121
94
126
128
114
107
130
170
165
165
106
145
1357
1357
40
1357
1357
1357
43
42
1357
1357
299
43
40
43
40
43
40
40
42
40
40
42
40
40
42
110
615
124
68
33
27
222
165
30
30
32
31
32
167
30
32
677
103
36
27
169
35
30
31
31
170
35
30
31
31
138
138
174
30
32
396
172
36
27
179
35
30
31
31
1357
1357
40
1357
1357
1357
43
44
40
1357
1357
308
1357
108
45
40
40
110
65
165
1357
123
31
165
165
165
720
632
30
1353
1357
1357
1357
1357
1357
1357
1241
30
1353
1357
719
37
1357
27
1357
40
1357
1357
40
1357
1357
1357
43
42
1357
486
1357
1357
43
617
43
42
30
476
40
40
40
40
43
481
42
1357
44
32
1357
40
35
818
25
36
40
40
26
42
40
40
1357
43
1357
1357
42
42
1357
1357
299
43
40
40
108
72
820
42
615
124
30
31
596
136
30
40
40
40
40
32
42
777
24
42
36
1353
1357
1357
1275
25
36
40
40
27
165
42
27
40
40
40
40
43
43
42
110
68
783
40
40
1357
947
112
71
615
124
33
30
42
30
31
615
124
1353
1357
1357
1357
1357
1357
1357
1357
1357
1357
35
36
1357
1357
31
1357
1357
1357
1357
31
27
1357
1357
31
1357
1357
27
1357
1357
1357
1357
1357
1357
1357
1357
1357
1357
1357
1357
1357
1357
1357
1357
33
1357
1357
1357
1357
1357
1357
1357
1357
1357
1357
1357
1357
1357
1357
1357
1357
1357
1357
1357
1357
33
1357
1357
1357
1357
33
1357
1357
33
1357
1357
1357
1357
1357
1357
1357
1357
1357
1357
1357
1357
1357
1357
1357
1357
1357
1357
1357
1357
1357
1357
1357
1357
33
1357
1357
1357
1357
1357
1357
1357
1357
1357
1357
1357
1357
1357
1357
1357
1357
1357
1357
1357
1357
1357
1357
1357
1357
1357
1357
1357
1357
1357
1357
1357
1357
39
1357
1357
1357
1357
1357
1148
1357
1357
1357
1357
1357
1357
33
593
1357
1357
1357
33
1357
1357
1357
1357
1357
1357
1357
1357
1357
1357
1357
1357
1357
1357
1357
34
1357
33
1357
1357
33
1357
1357
1357
1357
1357
1357
1357
1357
1357
1357
1357
1357
1357
1357
1357
1357
1357
1357
1357
1357
1357
1357
1357
1357
1357
33
1357
1357
1357
1357
1357
1357
1357
1357
1357
1357
1357
1357
1357
1357
1357
1357
35
1357
1357
1357
1357
1357
1357
1357
1357
1357
1357
27
1357
1357
1357
1357
1357
1357
1357
1357
1357
1357
1357
1357
1357
1357
1357
1353
1357
1357
1357
1357
1357
1357
1357
1357
1357
1357
65
1357
1357
1357
1357
1357
1357
1357
1357
1357
1357
1357
1357
1357
1357
1357
1357
1357
1357
1357
1357
1357
1357
1357
1357
1357
1357
1357
1357
39
1357
1357
1357
1357
1357
1357
1357
1357
1357
1357
1357
1357
1357
1357
1357
1357
1357
1357
1357
1181
33
106
165
0
1
1
0
1
1
0
0
1
0
0
1
0
0
1
0
0
1
0
1
0
0
1
0
0
1
1
0
1
1
0
1
0
0
1
0
0
1
1
0
1
1
0
1
0
0
1
0
165
0
0
1
0
0
1
0
0
1
0
0
1
0
0
0
0
0
0
753
1194
31
31
32
1357
1228
616
29
178
37
31
1353
1357
1357
1357
1357
1357
1357
1357
1357
1357
1357
1357
1357
1357
1357
1357
1357
1357
1357
1357
1357
1357
1357
56
37
1357
1357
1357
1357
32
1357
1357
1357
32
1357
1357
32
1357
1357
32
1357
1357
1357
1357
1357
32
1357
1357
33
1357
33
31
1357
1357
33
1357
1357
1357
1357
1357
1357
1357
1357
1357
1357
1357
1357
1357
1357
33
1357
1357
31
33
1357
1357
1357
27
1357
33
1357
1357
1357
33
27
1357
1357
33
1357
1357
33
1357
1357
1357
1357
1357
1357
1357
1357
132
38
1357
1357
33
1357
1357
1357
1357
1357
1357
33
1357
1357
33
1357
1357
1357
1357
33
73
33
1357
1357
1357
1357
1357
1357
1357
1357
33
1357
1357
33
1357
1357
33
1357
1357
1357
1357
1357
33
33
1357
1357
1357
1357
1357
1357
1357
1357
1357
1357
1357
1357
1357
1357
1357
1357
1357
34
33
1357
1357
1357
1357
33
1357
1357
1357
1357
1357
1357
33
1357
1357
1357
1357
1357
1357
35
696
285
198
1357
1356
36
30
1081
30
683
45
287
25
40
302
27
30
1280
29
36
27
1357
1357
41
28
26
1353
1357
1357
1357
1357
1357
1357
1357
1357
1357
1357
1357
1357
37
1357
1357
32
1357
1357
1357
32
1357
1357
1357
1357
1357
1357
1357
32
32
1357
1357
1357
1357
1357
1357
1357
1357
1357
1357
1357
1357
1357
1357
1357
1357
1357
1357
1357
1357
1357
1357
1357
276
32
29
1035
32
1353
1357
1357
1357
1357
1357
1357
1357
546
38
688
689
32
32
33
1357
1357
279
28
32
1352
1357
1357
1357
1357
1357
1357
1357
1357
1357
1357
1357
1357
1357
1357
1357
1357
1357
1357
1357
1357
38
1357
1357
1357
1357
33
1357
1357
1357
1357
1357
1357
1357
1357
1357
1357
1357
1357
1357
1357
1357
1357
1357
1357
1357
1357
1357
1357
37
1357
1357
1357
1357
1357
1357
1357
1357
1357
1357
1357
1357
1357
1357
1357
1357
1357
1357
1357
1357
1357
1357
1357
1357
1357
1357
1357
1357
1357
1357
1357
1357
1357
1357
1357
1357
1357
1357
1357
1357
1357
1357
1357
1355
1357
1357
1357
1357
1357
1357
1357
1357
1357
1357
1357
1357
1357
1357
1357
1357
1357
1357
45
777
1357
1357
38
1357
1357
1357
1357
28
1357
1357
1357
1357
1357
1357
1357
1357
1357
1357
1357
1357
168
1357
1357
1357
1357
1357
1357
1357
1357
1357
1357
1357
1357
1357
1357
1357
1357
1357
1357
1357
1357
38
1357
1357
1357
1357
1357
1357
1357
1357
1357
1357
1357
1357
1357
1357
1357
33
1357
1357
1357
1357
1357
1357
1357
1357
33
1357
1357
1357
1357
33
1357
1357
1357
1357
1357
1357
1357
1357
1357
1357
1357
1357
1357
1357
1357
1357
1357
1357
1357
1357
1357
1357
1357
1357
1357
1357
1338
33
29
1352
1357
1357
1357
1357
1357
1357
1024
1351
38
1357
1000
1351
1357
1357
33
1357
1357
1357
1357
1357
1357
1357
660
1349
1357
1357
1357
1357
669
1349
1357
1357
1357
417
1321
113
33
29
448
30
1353
1357
1357
1357
1357
1357
1357
1357
1357
1357
1357
1357
1357
1357
1357
1357
1357
1357
1357
1357
1357
1357
1357
1357
1357
1357
1357
1357
1357
1357
37
1357
1357
1357
1357
1357
1357
1357
1357
1357
1357
1357
31
32
1357
1357
1357
1357
1357
1357
1357
1357
1357
1357
1357
1357
1357
1357
1357
1357
1357
1357
1357
1357
1357
1357
1357
1357
1357
1357
1357
1357
1357
1357
1357
1357
1357
1357
1357
1357
1357
1357
1357
1357
1357
1357
1357
1357
1357
1357
1357
1357
1357
1357
1357
1357
1357
1357
1357
1357
1357
1357
1357
1357
1357
1357
1357
1357
1357
34
1357
1357
1357
1357
1357
1357
1357
1357
1357
1357
1357
1357
1357
1357
1357
1357
1357
1357
1357
1357
1357
1357
1357
1357
1357
1357
1357
1357
1357
1357
1117
34
0
0
1
0
0
1
1357
0
0
1
0
0
1
165
0
0
0
0
0
0
0
0
1
0
0
1
1357
0
0
1
0
0
1
