34301
53
43266
80
43266
43266
80
80
43266
80
43266
80
54445
53
5353
5353
58230
53
59120
80
59120
59120
80
80
59120
80
59120
80
50430
123
49439
53
44589
53
39578
80
39578
39578
80
80
39578
80
39578
80
46607
53
41470
53
33876
80
33876
33876
80
80
33876
80
33876
80
42487
53
38647
53
58786
80
58786
58786
80
80
58786
80
58786
80
36687
53
51731
53
43166
80
43166
43166
80
80
43166
80
43166
80
39595
53
60235
53
47554
80
47554
47554
80
80
47554
80
47554
80
34861
53
36679
53
58410
80
58410
58410
80
80
58410
58410
80
80
58410
5353
47806
53
5353
36460
53
40798
80
40798
40798
80
80
40798
80
40798
80
38444
123
46481
53
40761
53
49954
80
49954
49954
80
80
49954
80
49954
80
54458
53
48325
53
57396
80
57396
57396
80
80
57396
57396
80
57396
80
34275
53
47587
53
55314
80
55314
55314
80
80
55314
80
55314
80
34996
53
60555
53
44550
80
44550
44550
80
80
44550
80
44550
80
38484
53
46043
53
54584
80
54584
54584
80
80
54584
80
54584
80
44536
47775
53
53
48706
53
50464
443
50464
50464
443
443
50464
443
50464
50464
50464
443
50464
50464
443
443
443
443
443
443
443
50464
443
443
50464
443
50464
50464
443
50464
443
50464
443
443
50464
43424
53
43513
53
38766
80
38766
38766
80
80
38766
36546
53
39757
49766
47718
53
53
53
38776
80
38776
38776
80
80
38776
37733
48173
53
53
41342
443
41342
41342
443
443
41342
443
41342
46464
39577
50444
49784
33418
43165
53
53
53
53
53
53
54196
42372
36047
45432
50055
57335
45470
53
53
53
45016
49958
53
53
53
42998
56760
41508
60011
36888
53
80
45432
46588
35259
45432
80
53
53
53
53
53
53
35339
35296
52773
50624
38102
53
53
40694
53
53
53
52350
58221
50213
37464
53
53
80
45432
53
53
51019
53
42434
49920
443
50624
53
42908
53
58885
50624
443
53
443
49920
49920
443
57026
40359
34246
45740
53
53
53
443
50624
443
50624
50127
54035
53
53
443
49920
443
49920
443
49920
50890
57507
53
53
43431
42387
49920
443
53
53
50290
51117
53
53
57552
57616
53
53
46437
48857
53
443
49920
41342
443
53
47930
40581
53
53
443
41342
41342
41342
443
443
41342
443
60536
443
55496
53
53
49818
53
39481
45762
53
53
53
33439
48414
53
53
57208
53
41342
45432
80
45448
80
45432
45432
80
45448
80
80
45432
50624
50624
443
50624
443
443
443
50624
443
50624
443
50624
443
50624
443
50624
443
41342
443
41342
443
50624
41342
50624
49920
443
443
50624
49920
443
443
443
443
49920
50624
50624
443
443
443
49920
443
49920
49920
443
35131
33454
53
53
33288
33298
33314
33324
33336
33348
443
33298
443
33288
443
33336
443
33314
33336
443
443
33324
33314
443
443
33336
443
33336
443
33336
443
443
33314
33314
443
33314
33298
443
33288
443
33324
443
443
33298
443
33298
443
33298
443
33288
443
33288
443
33324
443
33324
33364
443
33364
33364
443
443
33348
33348
443
443
33364
443
33364
45432
45448
443
33348
80
80
443
33348
45962
46712
45454
53
53
48594
45468
53
80
45432
80
45448
80
45454
80
45468
45432
45448
55640
80
80
45454
80
443
55640
55640
443
80
80
80
45454
443
55640
443
55640
443
55640
45432
45448
33314
443
33314
443
33314
443
33314
443
33314
443
33336
443
33314
33298
443
443
443
33314
33288
443
443
33314
443
33314
443
33314
33324
443
33314
443
443
33314
443
33314
443
33314
443
33314
443
33314
443
33314
33314
443
443
443
33314
443
443
33314
33336
443
33314
33314
443
443
33336
443
33324
443
443
33298
33314
33314
443
33298
33288
443
443
443
443
443
443
443
33288
33314
443
443
33314
33288
33288
443
443
33298
33298
443
443
443
443
33336
33336
443
443
33348
443
33364
443
33314
443
33314
443
33324
33314
33348
443
443
33364
33324
33324
443
443
443
443
443
33314
443
443
33336
33314
33314
443
443
33314
443
33298
443
33324
443
443
33288
443
443
33288
33314
443
443
33364
443
33348
443
33348
443
443
33364
443
33314
443
33314
443
33364
443
33364
443
33348
443
33348
443
443
33364
443
33348
45432
80
33314
80
45432
54264
59400
53
53
48542
443
48542
48542
443
443
48542
443
48542
55640
443
55640
443
55640
443
443
55640
443
55640
55640
443
55640
443
50268
53241
53
53
57664
80
57664
57664
80
51484
53
45542
35908
443
45542
45542
443
53
45548
80
57664
443
45542
443
45542
443
45542
443
45548
45542
443
45548
443
443
443
45548
443
45548
45548
443
443
443
45542
45548
55640
443
443
443
55640
55640
443
48542
443
48542
443
51126
33906
53
53
52602
53
32792
32808
443
48542
80
32808
80
32792
48542
32808
32792
443
80
80
80
32808
80
32792
50733
43376
53
53
56828
56844
443
56828
443
56844
44335
56844
443
56828
45542
45542
45548
443
443
45542
443
45542
443
443
45542
443
443
45548
45548
443
443
48544
443
443
45542
443
56844
443
56844
443
56828
443
56828
443
45548
443
45548
443
44335
443
48544
48544
443
443
443
443
443
44335
443
443
443
44335
45448
80
443
48544
443
48544
443
48544
45454
80
44335
80
45448
80
45454
443
44335
57664
80
443
56844
56844
443
56844
443
443
56828
443
56828
443
56844
57668
443
443
56844
443
56828
443
56844
443
56844
443
56844
443
56844
80
57668
443
56844
56844
443
56844
443
443
56828
56828
56844
443
443
56844
57668
443
80
443
56828
443
45542
443
45542
45542
443
56844
443
44335
44335
443
80
57664
443
45542
45542
443
443
80
57668
44335
44335
443
44335
44335
443
44335
443
443
44335
44335
48544
443
48544
443
443
48544
48544
443
443
44254
56098
53
53
51168
44335
443
51168
51168
443
34467
45542
45542
443
443
53
443
44335
44335
443
443
51168
443
51168
44335
57672
80
57672
57672
80
44335
443
80
57672
44335
51168
443
51168
443
51168
443
443
51168
51168
443
443
443
443
45542
45542
443
443
443
44335
51168
443
51168
443
51168
443
51168
443
443
51168
443
443
51168
51168
443
51168
443
51168
443
51168
443
51168
443
51168
443
51168
443
51168
443
51168
443
443
51168
443
51168
443
443
51168
443
51168
443
51168
443
443
51168
443
51168
51168
51168
51168
443
443
443
443
51168
58016
43230
56519
44757
53
53
53
53
44335
44335
443
443
44335
44335
44335
443
443
44335
55053
35140
53
53
50599
53
40669
53
45584
443
45584
45584
443
443
45584
443
45584
34812
44335
45432
80
443
80
45432
44335
45584
443
45584
443
443
45584
443
45584
45584
443
45598
443
45598
45598
443
443
443
44335
443
45598
45598
443
45598
443
443
443
45598
34812
44335
44335
443
443
44335
48542
443
47519
45598
443
443
47519
443
443
443
443
47519
47519
443
443
443
443
443
443
48542
443
443
443
443
47519
443
45598
48542
443
48542
443
48542
45468
80
53
55375
53708
41542
55561
49339
52729
41090
42373
47519
47519
47519
47519
53
53
53
53
53
53
56886
52524
45668
43054
53355
53
53
53
443
53
53
443
47519
45542
45542
45558
443
443
80
45468
443
45558
443
443
48542
45558
443
443
48542
443
443
443
443
443
443
45558
443
443
443
443
443
443
45558
443
45558
48542
45558
45558
443
443
443
443
45558
45558
443
45558
443
45542
443
51135
45542
53
443
45542
443
45542
443
43875
53
45542
45542
443
45558
443
443
443
443
48542
443
443
443
443
443
48542
443
48542
443
48542
48542
443
48542
443
443
48542
443
443
45542
443
443
443
45542
45542
443
443
443
443
45542
55652
45542
55883
45542
45542
443
45542
443
443
443
443
443
443
443
443
443
443
55652
53
55652
443
47519
47519
443
55652
443
55652
55652
443
49145
53
443
443
443
443
443
443
443
443
443
443
443
443
443
443
40832
53
47519
55652
36545
443
443
36545
46752
55652
443
443
55652
443
55652
443
46752
443
55652
443
55652
443
443
443
443
443
55652
443
55652
36545
443
55652
443
55652
443
55652
443
55652
443
55652
443
55652
55652
443
443
443
443
443
443
47519
36545
46752
443
443
46752
46752
36545
36545
51900
39377
53
53
46752
50896
443
443
53462
46752
47519
443
50896
50896
443
443
45542
443
443
53462
47519
443
443
47519
46752
46752
443
443
36545
36545
48874
443
443
443
443
53462
443
50896
443
50896
443
443
48874
443
443
443
53462
46752
46752
48874
443
53462
53462
53462
40270
33830
53
443
53
57664
80
57688
443
443
443
53462
47519
38773
53
34959
53
47432
53
47936
80
57688
57688
80
443
46752
46752
36545
36545
47519
443
48874
443
48874
443
48874
443
443
443
443
53462
80
57664
443
443
443
443
443
47519
46752
46752
48874
443
48874
443
443
57664
80
39054
45542
45542
443
443
53
443
443
48874
443
48874
443
48874
443
80
57688
36545
36545
46752
46752
443
443
443
36545
36545
47519
46752
46752
47519
47519
46752
46752
443
443
36545
443
443
443
47519
443
443
443
443
443
443
443
443
443
443
443
443
46752
47519
443
443
47519
443
443
443
443
47519
443
443
47940
443
47519
443
443
443
443
443
443
443
443
443
443
443
443
443
443
443
443
443
443
443
47519
443
443
443
443
443
443
443
47936
443
443
443
443
443
443
443
443
443
443
38766
443
443
443
443
80
47519
443
443
443
47936
443
47519
443
443
443
47519
443
443
443
443
443
443
443
443
443
443
443
443
443
443
443
443
443
443
443
443
443
443
443
443
47519
443
443
443
443
443
443
443
443
443
443
443
443
443
443
443
443
443
443
443
443
443
443
443
443
443
443
443
443
443
443
443
443
47519
443
443
443
443
443
443
443
443
443
443
443
443
47519
47519
443
443
443
47519
443
443
443
443
443
443
443
443
443
443
443
443
443
443
443
47519
443
47519
443
443
47519
443
443
443
443
443
443
443
443
443
443
443
443
443
443
443
443
443
443
443
443
443
443
443
443
443
47519
443
443
443
443
443
443
443
443
443
443
443
443
443
443
443
443
47519
443
443
443
443
443
443
443
443
443
443
443
443
443
443
443
443
443
443
443
443
443
443
443
443
443
443
443
443
443
443
443
443
443
443
443
443
443
443
443
443
443
443
443
443
443
443
443
443
443
443
443
443
443
443
443
443
443
443
443
443
443
443
443
443
443
443
443
45542
80
443
47519
443
443
443
443
443
443
443
443
443
443
443
443
443
443
443
443
443
443
443
443
57664
45542
443
47519
443
47940
38776
80
47940
443
443
47936
443
47936
47936
443
443
47940
443
47940
443
47940
47940
443
443
47936
50896
443
50896
443
46434
37185
53
53
443
50896
443
50896
59577
50896
53
443
32820
32822
51001
45542
45542
443
443
53
80
32822
80
32820
32822
80
32820
80
80
32822
80
32820
47936
443
443
47940
47940
443
443
44508
44256
443
45542
45542
443
53
53
53
53
53

53

44256
41090
42373
44508
443
47936
47936
47936
443
47940
443
47940
53
53
443
443
443
46081
40796
53
53
40796
46081
53
53
34407
43940
53
53
43940
34407
53
45542
45542
53
443
443
45700
60754
39371
53
53
60754
53
39371
53
60754
53
39371
53
47280
53
47519
47519
443
443
47519
443
47936
47519
47519
443
443
443
47519
443
443
443
443
443
443
443
443
443
443
443
443
443
443
443
443
443
443
443
443
443
443
45542
443
47519
443
443
47519
47519
443
443
443
443
47519
443
443
443
47519
443
443
47519
443
443
47519
443
443
443
443
443
47519
443
443
47519
443
47519
47519
443
443
47519
443
443
443
443
443
443
443
443
443
443
443
443
443
443
47519
443
443
47519
47519
443
443
443
443
443
47519
443
443
443
47519
443
443
443
47519
443
443
47519
443
443
443
443
443
443
443
443
443
47519
443
443
47519
443
443
443
443
443
443
47519
443
443
47519
443
443
443
443
47519
443
47519
443
443
443
443
443
443
443
443
47519
443
443
47519
443
443
47519
443
443
443
443
443
47519
47519
443
443
443
443
443
443
443
443
443
443
443
443
443
443
443
443
443
47519
47519
443
443
443
443
47519
443
443
443
443
443
443
47519
443
443
443
443
443
443
47519
443
36545
36545
443
443
47519
443
443
443
443
45542
45542
36545
443
443
443
443
47519
36545
56844
443
443
443
443
443
36545
443
56844
443
56844
443
443
56844
443
443
33314
443
33314
443
33314
443
33314
443
33314
443
33314
443
33314
443
33314
443
443
443
33314
443
443
33314
443
443
33314
443
33314
443
443
33314
443
33314
47519
47519
47519
443
443
443
443
443
443
443
443
443
443
443
443
443
443
443
47519
443
443
47519
443
443
443
47519
443
443
443
443
443
443
443
47519
47519
443
443
443
443
443
443
443
443
443
443
443
443
443
443
443
443
443
443
443
443
443
443
443
443
47519
443
45542
443
443
45542
443
45542
443
47280
47519
443
443
443
443
443
443
443
443
443
443
47519
47519
47519
443
443
47519
47519
47519
47519
443
443
443
443
443
443
443
443
443
443
443
443
443
443
443
443
443
443
443
443
443
443
443
47519
443
443
443
443
47519
443
443
443
443
443
443
443
443
443
443
443
443
443
443
443
443
443
443
443
443
443
443
47519
443
443
443
443
443
443
443
443
443
443
443
443
443
443
443
443
443
443
443
443
443
443
443
443
443
443
443
443
443
443
443
443
443
443
443
443
443
443
443
443
443
443
443
443
443
443
443
443
443
443
443
443
443
443
443
443
443
443
443
443
443
443
47519
47519
443
443
443
443
47519
443
443
443
443
443
443
443
443
443
443
443
443
443
443
443
443
443
443
443
443
443
443
443
443
443
443
443
443
443
443
443
443
45542
45542
443
443
443
443
443
443
47519
443
443
443
443
443
443
443
443
443
443
443
443
443
443
443
443
47519
443
443
443
443
443
443
443
443
47519
443
443
443
443
47519
443
443
443
443
443
443
443
443
443
443
443
443
443
443
443
443
443
443
443
443
443
443
443
443
443
443
443
47519
45542
45542
443
443
443
55652
443
443
443
443
55652
443
443
443
443
443
443
443
443
443
443
443
443
443
55652
443
443
443
55652
443
55652
443
55652
443
443
55652
55652
443
443
443
443
443
443
443
443
443
443
47519
443
443
443
443
443
47519
443
443
443
443
443
443
443
443
443
443
443
443
443
443
443
443
443
443
443
443
443
47519
443
443
45542
443
49920
443
443
443
49920
443
443
443
49920
49920
443
36545
443
443
443
443
443
443
443
443
443
443
443
443
443
443
443
443
443
443
443
443
443
443
443
443
443
443
443
443
443
443
443
36545
443
443
443
443
443
443
443
443
443
443
443
36545
36545
443
443
443
443
443
443
443
443
443
443
443
443
443
443
443
443
443
443
443
443
443
443
443
443
443
443
443
443
443
443
443
443
443
443
443
443
443
443
443
443
443
443
443
443
443
443
443
443
443
443
443
443
443
443
443
443
443
443
443
443
443
443
443
443
443
36545
443
443
443
443
443
443
443
443
443
443
443
443
443
443
443
443
443
443
443
443
443
443
443
443
443
443
443
443
443
443
443
36545
53
44909
52717
34372
43751
34288
58682
36810
42658
55020
47645
53
53
53
53
53
53
53
53
53
55020
53
56684
42792
37732
47645
45086
53
55020
53
53
47645
53
53
33881
59893
53
53
443
56684
443
37732
56684
33881
59893
443
443
53
53
37732
